{
 "cells": [
  {
   "cell_type": "code",
   "execution_count": 6,
   "metadata": {
    "collapsed": true
   },
   "outputs": [],
   "source": [
    "%matplotlib inline\n",
    "import numpy as np\n",
    "from matplotlib import pyplot as plt\n",
    "from sompy.sompy import SOMFactory\n",
    "from sklearn.datasets import fetch_california_housing"
   ]
  },
  {
   "cell_type": "code",
   "execution_count": 7,
   "metadata": {
    "collapsed": true
   },
   "outputs": [],
   "source": [
    "from sompy.codebook import Codebook"
   ]
  },
  {
   "cell_type": "code",
   "execution_count": 16,
   "metadata": {
    "collapsed": false
   },
   "outputs": [],
   "source": [
    "a = Codebook((5,5)).grid_dist(6)"
   ]
  },
  {
   "cell_type": "code",
   "execution_count": 12,
   "metadata": {
    "collapsed": false
   },
   "outputs": [
    {
     "data": {
      "text/plain": [
       "array([ 9,  4,  1,  0,  1, 10,  5,  2,  1,  2, 13,  8,  5,  4,  5, 18, 13,\n",
       "       10,  9, 10, 25, 20, 17, 16, 17])"
      ]
     },
     "execution_count": 12,
     "metadata": {},
     "output_type": "execute_result"
    }
   ],
   "source": [
    "a"
   ]
  },
  {
   "cell_type": "code",
   "execution_count": 17,
   "metadata": {
    "collapsed": false
   },
   "outputs": [
    {
     "data": {
      "text/plain": [
       "array([[ 2,  1,  2,  5, 10],\n",
       "       [ 1,  0,  1,  4,  9],\n",
       "       [ 2,  1,  2,  5, 10],\n",
       "       [ 5,  4,  5,  8, 13],\n",
       "       [10,  9, 10, 13, 18]])"
      ]
     },
     "execution_count": 17,
     "metadata": {},
     "output_type": "execute_result"
    }
   ],
   "source": [
    "np.reshape(a,(5,5))"
   ]
  },
  {
   "cell_type": "code",
   "execution_count": 18,
   "metadata": {
    "collapsed": false
   },
   "outputs": [],
   "source": [
    "from sompy.sompy import SOM"
   ]
  },
  {
   "cell_type": "code",
   "execution_count": 23,
   "metadata": {
    "collapsed": false
   },
   "outputs": [],
   "source": [
    "        nnodes = 25\n",
    "\n",
    "        distance_matrix = np.zeros((nnodes, nnodes))\n",
    "        for i in range(nnodes):\n",
    "            distance_matrix[i] = Codebook((5,5)).grid_dist(i).reshape(1, nnodes)\n",
    "\n",
    "        b = distance_matrix"
   ]
  },
  {
   "cell_type": "code",
   "execution_count": 25,
   "metadata": {
    "collapsed": false
   },
   "outputs": [
    {
     "data": {
      "text/plain": [
       "array([[ 1.        ,  0.8824969 ,  0.60653066,  0.32465247,  0.13533528,\n",
       "         0.8824969 ,  0.77880078,  0.53526143,  0.2865048 ,  0.11943297,\n",
       "         0.60653066,  0.53526143,  0.36787944,  0.19691168,  0.082085  ,\n",
       "         0.32465247,  0.2865048 ,  0.19691168,  0.10539922,  0.04393693,\n",
       "         0.13533528,  0.11943297,  0.082085  ,  0.04393693,  0.01831564],\n",
       "       [ 0.8824969 ,  1.        ,  0.8824969 ,  0.60653066,  0.32465247,\n",
       "         0.77880078,  0.8824969 ,  0.77880078,  0.53526143,  0.2865048 ,\n",
       "         0.53526143,  0.60653066,  0.53526143,  0.36787944,  0.19691168,\n",
       "         0.2865048 ,  0.32465247,  0.2865048 ,  0.19691168,  0.10539922,\n",
       "         0.11943297,  0.13533528,  0.11943297,  0.082085  ,  0.04393693],\n",
       "       [ 0.60653066,  0.8824969 ,  1.        ,  0.8824969 ,  0.60653066,\n",
       "         0.53526143,  0.77880078,  0.8824969 ,  0.77880078,  0.53526143,\n",
       "         0.36787944,  0.53526143,  0.60653066,  0.53526143,  0.36787944,\n",
       "         0.19691168,  0.2865048 ,  0.32465247,  0.2865048 ,  0.19691168,\n",
       "         0.082085  ,  0.11943297,  0.13533528,  0.11943297,  0.082085  ],\n",
       "       [ 0.32465247,  0.60653066,  0.8824969 ,  1.        ,  0.8824969 ,\n",
       "         0.2865048 ,  0.53526143,  0.77880078,  0.8824969 ,  0.77880078,\n",
       "         0.19691168,  0.36787944,  0.53526143,  0.60653066,  0.53526143,\n",
       "         0.10539922,  0.19691168,  0.2865048 ,  0.32465247,  0.2865048 ,\n",
       "         0.04393693,  0.082085  ,  0.11943297,  0.13533528,  0.11943297],\n",
       "       [ 0.13533528,  0.32465247,  0.60653066,  0.8824969 ,  1.        ,\n",
       "         0.11943297,  0.2865048 ,  0.53526143,  0.77880078,  0.8824969 ,\n",
       "         0.082085  ,  0.19691168,  0.36787944,  0.53526143,  0.60653066,\n",
       "         0.04393693,  0.10539922,  0.19691168,  0.2865048 ,  0.32465247,\n",
       "         0.01831564,  0.04393693,  0.082085  ,  0.11943297,  0.13533528],\n",
       "       [ 0.8824969 ,  0.77880078,  0.53526143,  0.2865048 ,  0.11943297,\n",
       "         1.        ,  0.8824969 ,  0.60653066,  0.32465247,  0.13533528,\n",
       "         0.8824969 ,  0.77880078,  0.53526143,  0.2865048 ,  0.11943297,\n",
       "         0.60653066,  0.53526143,  0.36787944,  0.19691168,  0.082085  ,\n",
       "         0.32465247,  0.2865048 ,  0.19691168,  0.10539922,  0.04393693],\n",
       "       [ 0.77880078,  0.8824969 ,  0.77880078,  0.53526143,  0.2865048 ,\n",
       "         0.8824969 ,  1.        ,  0.8824969 ,  0.60653066,  0.32465247,\n",
       "         0.77880078,  0.8824969 ,  0.77880078,  0.53526143,  0.2865048 ,\n",
       "         0.53526143,  0.60653066,  0.53526143,  0.36787944,  0.19691168,\n",
       "         0.2865048 ,  0.32465247,  0.2865048 ,  0.19691168,  0.10539922],\n",
       "       [ 0.53526143,  0.77880078,  0.8824969 ,  0.77880078,  0.53526143,\n",
       "         0.60653066,  0.8824969 ,  1.        ,  0.8824969 ,  0.60653066,\n",
       "         0.53526143,  0.77880078,  0.8824969 ,  0.77880078,  0.53526143,\n",
       "         0.36787944,  0.53526143,  0.60653066,  0.53526143,  0.36787944,\n",
       "         0.19691168,  0.2865048 ,  0.32465247,  0.2865048 ,  0.19691168],\n",
       "       [ 0.2865048 ,  0.53526143,  0.77880078,  0.8824969 ,  0.77880078,\n",
       "         0.32465247,  0.60653066,  0.8824969 ,  1.        ,  0.8824969 ,\n",
       "         0.2865048 ,  0.53526143,  0.77880078,  0.8824969 ,  0.77880078,\n",
       "         0.19691168,  0.36787944,  0.53526143,  0.60653066,  0.53526143,\n",
       "         0.10539922,  0.19691168,  0.2865048 ,  0.32465247,  0.2865048 ],\n",
       "       [ 0.11943297,  0.2865048 ,  0.53526143,  0.77880078,  0.8824969 ,\n",
       "         0.13533528,  0.32465247,  0.60653066,  0.8824969 ,  1.        ,\n",
       "         0.11943297,  0.2865048 ,  0.53526143,  0.77880078,  0.8824969 ,\n",
       "         0.082085  ,  0.19691168,  0.36787944,  0.53526143,  0.60653066,\n",
       "         0.04393693,  0.10539922,  0.19691168,  0.2865048 ,  0.32465247],\n",
       "       [ 0.60653066,  0.53526143,  0.36787944,  0.19691168,  0.082085  ,\n",
       "         0.8824969 ,  0.77880078,  0.53526143,  0.2865048 ,  0.11943297,\n",
       "         1.        ,  0.8824969 ,  0.60653066,  0.32465247,  0.13533528,\n",
       "         0.8824969 ,  0.77880078,  0.53526143,  0.2865048 ,  0.11943297,\n",
       "         0.60653066,  0.53526143,  0.36787944,  0.19691168,  0.082085  ],\n",
       "       [ 0.53526143,  0.60653066,  0.53526143,  0.36787944,  0.19691168,\n",
       "         0.77880078,  0.8824969 ,  0.77880078,  0.53526143,  0.2865048 ,\n",
       "         0.8824969 ,  1.        ,  0.8824969 ,  0.60653066,  0.32465247,\n",
       "         0.77880078,  0.8824969 ,  0.77880078,  0.53526143,  0.2865048 ,\n",
       "         0.53526143,  0.60653066,  0.53526143,  0.36787944,  0.19691168],\n",
       "       [ 0.36787944,  0.53526143,  0.60653066,  0.53526143,  0.36787944,\n",
       "         0.53526143,  0.77880078,  0.8824969 ,  0.77880078,  0.53526143,\n",
       "         0.60653066,  0.8824969 ,  1.        ,  0.8824969 ,  0.60653066,\n",
       "         0.53526143,  0.77880078,  0.8824969 ,  0.77880078,  0.53526143,\n",
       "         0.36787944,  0.53526143,  0.60653066,  0.53526143,  0.36787944],\n",
       "       [ 0.19691168,  0.36787944,  0.53526143,  0.60653066,  0.53526143,\n",
       "         0.2865048 ,  0.53526143,  0.77880078,  0.8824969 ,  0.77880078,\n",
       "         0.32465247,  0.60653066,  0.8824969 ,  1.        ,  0.8824969 ,\n",
       "         0.2865048 ,  0.53526143,  0.77880078,  0.8824969 ,  0.77880078,\n",
       "         0.19691168,  0.36787944,  0.53526143,  0.60653066,  0.53526143],\n",
       "       [ 0.082085  ,  0.19691168,  0.36787944,  0.53526143,  0.60653066,\n",
       "         0.11943297,  0.2865048 ,  0.53526143,  0.77880078,  0.8824969 ,\n",
       "         0.13533528,  0.32465247,  0.60653066,  0.8824969 ,  1.        ,\n",
       "         0.11943297,  0.2865048 ,  0.53526143,  0.77880078,  0.8824969 ,\n",
       "         0.082085  ,  0.19691168,  0.36787944,  0.53526143,  0.60653066],\n",
       "       [ 0.32465247,  0.2865048 ,  0.19691168,  0.10539922,  0.04393693,\n",
       "         0.60653066,  0.53526143,  0.36787944,  0.19691168,  0.082085  ,\n",
       "         0.8824969 ,  0.77880078,  0.53526143,  0.2865048 ,  0.11943297,\n",
       "         1.        ,  0.8824969 ,  0.60653066,  0.32465247,  0.13533528,\n",
       "         0.8824969 ,  0.77880078,  0.53526143,  0.2865048 ,  0.11943297],\n",
       "       [ 0.2865048 ,  0.32465247,  0.2865048 ,  0.19691168,  0.10539922,\n",
       "         0.53526143,  0.60653066,  0.53526143,  0.36787944,  0.19691168,\n",
       "         0.77880078,  0.8824969 ,  0.77880078,  0.53526143,  0.2865048 ,\n",
       "         0.8824969 ,  1.        ,  0.8824969 ,  0.60653066,  0.32465247,\n",
       "         0.77880078,  0.8824969 ,  0.77880078,  0.53526143,  0.2865048 ],\n",
       "       [ 0.19691168,  0.2865048 ,  0.32465247,  0.2865048 ,  0.19691168,\n",
       "         0.36787944,  0.53526143,  0.60653066,  0.53526143,  0.36787944,\n",
       "         0.53526143,  0.77880078,  0.8824969 ,  0.77880078,  0.53526143,\n",
       "         0.60653066,  0.8824969 ,  1.        ,  0.8824969 ,  0.60653066,\n",
       "         0.53526143,  0.77880078,  0.8824969 ,  0.77880078,  0.53526143],\n",
       "       [ 0.10539922,  0.19691168,  0.2865048 ,  0.32465247,  0.2865048 ,\n",
       "         0.19691168,  0.36787944,  0.53526143,  0.60653066,  0.53526143,\n",
       "         0.2865048 ,  0.53526143,  0.77880078,  0.8824969 ,  0.77880078,\n",
       "         0.32465247,  0.60653066,  0.8824969 ,  1.        ,  0.8824969 ,\n",
       "         0.2865048 ,  0.53526143,  0.77880078,  0.8824969 ,  0.77880078],\n",
       "       [ 0.04393693,  0.10539922,  0.19691168,  0.2865048 ,  0.32465247,\n",
       "         0.082085  ,  0.19691168,  0.36787944,  0.53526143,  0.60653066,\n",
       "         0.11943297,  0.2865048 ,  0.53526143,  0.77880078,  0.8824969 ,\n",
       "         0.13533528,  0.32465247,  0.60653066,  0.8824969 ,  1.        ,\n",
       "         0.11943297,  0.2865048 ,  0.53526143,  0.77880078,  0.8824969 ],\n",
       "       [ 0.13533528,  0.11943297,  0.082085  ,  0.04393693,  0.01831564,\n",
       "         0.32465247,  0.2865048 ,  0.19691168,  0.10539922,  0.04393693,\n",
       "         0.60653066,  0.53526143,  0.36787944,  0.19691168,  0.082085  ,\n",
       "         0.8824969 ,  0.77880078,  0.53526143,  0.2865048 ,  0.11943297,\n",
       "         1.        ,  0.8824969 ,  0.60653066,  0.32465247,  0.13533528],\n",
       "       [ 0.11943297,  0.13533528,  0.11943297,  0.082085  ,  0.04393693,\n",
       "         0.2865048 ,  0.32465247,  0.2865048 ,  0.19691168,  0.10539922,\n",
       "         0.53526143,  0.60653066,  0.53526143,  0.36787944,  0.19691168,\n",
       "         0.77880078,  0.8824969 ,  0.77880078,  0.53526143,  0.2865048 ,\n",
       "         0.8824969 ,  1.        ,  0.8824969 ,  0.60653066,  0.32465247],\n",
       "       [ 0.082085  ,  0.11943297,  0.13533528,  0.11943297,  0.082085  ,\n",
       "         0.19691168,  0.2865048 ,  0.32465247,  0.2865048 ,  0.19691168,\n",
       "         0.36787944,  0.53526143,  0.60653066,  0.53526143,  0.36787944,\n",
       "         0.53526143,  0.77880078,  0.8824969 ,  0.77880078,  0.53526143,\n",
       "         0.60653066,  0.8824969 ,  1.        ,  0.8824969 ,  0.60653066],\n",
       "       [ 0.04393693,  0.082085  ,  0.11943297,  0.13533528,  0.11943297,\n",
       "         0.10539922,  0.19691168,  0.2865048 ,  0.32465247,  0.2865048 ,\n",
       "         0.19691168,  0.36787944,  0.53526143,  0.60653066,  0.53526143,\n",
       "         0.2865048 ,  0.53526143,  0.77880078,  0.8824969 ,  0.77880078,\n",
       "         0.32465247,  0.60653066,  0.8824969 ,  1.        ,  0.8824969 ],\n",
       "       [ 0.01831564,  0.04393693,  0.082085  ,  0.11943297,  0.13533528,\n",
       "         0.04393693,  0.10539922,  0.19691168,  0.2865048 ,  0.32465247,\n",
       "         0.082085  ,  0.19691168,  0.36787944,  0.53526143,  0.60653066,\n",
       "         0.11943297,  0.2865048 ,  0.53526143,  0.77880078,  0.8824969 ,\n",
       "         0.13533528,  0.32465247,  0.60653066,  0.8824969 ,  1.        ]])"
      ]
     },
     "execution_count": 25,
     "metadata": {},
     "output_type": "execute_result"
    }
   ],
   "source": [
    "np.exp(-1.0*b/(2.0*2**2)).reshape(25, 25)"
   ]
  },
  {
   "cell_type": "code",
   "execution_count": 26,
   "metadata": {
    "collapsed": true
   },
   "outputs": [],
   "source": [
    "g = [1,5,6,2,0,8,4]"
   ]
  },
  {
   "cell_type": "code",
   "execution_count": 42,
   "metadata": {
    "collapsed": false
   },
   "outputs": [
    {
     "data": {
      "text/plain": [
       "array([0, 1, 2, 4, 5, 8, 6])"
      ]
     },
     "execution_count": 42,
     "metadata": {},
     "output_type": "execute_result"
    }
   ],
   "source": [
    "np.partition(g,4)"
   ]
  },
  {
   "cell_type": "code",
   "execution_count": null,
   "metadata": {
    "collapsed": true
   },
   "outputs": [],
   "source": []
  }
 ],
 "metadata": {
  "anaconda-cloud": {},
  "kernelspec": {
   "display_name": "Python [conda root]",
   "language": "python",
   "name": "conda-root-py"
  },
  "language_info": {
   "codemirror_mode": {
    "name": "ipython",
    "version": 3
   },
   "file_extension": ".py",
   "mimetype": "text/x-python",
   "name": "python",
   "nbconvert_exporter": "python",
   "pygments_lexer": "ipython3",
   "version": "3.5.2"
  }
 },
 "nbformat": 4,
 "nbformat_minor": 1
}
